-99.78240703180731
-120.0685828218625
-36.119340849479784
-130.23635830927384
-178.3316625517067
-139.08561677997488
-161.565051177078
171.70872850830892
-114.44395478041655
122.47119229084846
-91.33221985386963
-44.999999999999964
-29.931511840507778
-83.65980825409011
-163.61045966596518
85.60129464500449
-79.33021719550332
-171.86989764584408
-27.897271030947625
71.16156644201922
-102.99461679191646
-17.723236616886318
177.70938995736148
178.26429541107163
-98.61564818416413
-131.82016988013578
-152.57125877832243
-93.81407483429034
-158.96248897457818
93.81407483429034
-131.42366562500266
-105.75117366345303
179.09061955080085
68.62937773065687
-81.02737338510364
101.30993247402021
135.0000000000001
-176.6335393365702
-170.04192940153902
-122.83779648031816
-142.87393813172565
-101.30993247402016
-132.6140559696112
-85.60129464500449
156.1612598168283
-98.67317404787977
-14.743562836470774
-127.14668669802178
-23.749494492866777
2.726310993906258
-78.69006752597983
164.35775354279133
-101.30993247402016
-52.35237935989234
24.145541960421653
158.96248897457826
59.0362434679265
81.86989764584403
143.88065915052024
23.19859051364819
-131.42366562500266
1.0050860052541775
124.26110289909458
-149.0362434679265
-24.443954780416547
131.42366562500266
171.86989764584408
-36.469234390051895
128.9909940425055
74.74488129694228
-45.000000000000114
35.909723079177645
123.23171106797933
-7.997473471803828
-156.44773632710536
-156.8014094863519
-171.86989764584402
-135.0
-85.81508387488161
-16.073574164746383
-113.19859051364811
-138.66778805553142
78.69006752597979
8.39292518739247
108.43494882292204
-14.743562836470774
56.164880177548596
132.2072976342867
76.26373169437744
-80.03164382952616
101.72511201516511
21.037511025421736
131.30861401354875
-118.85566121971654
-112.16634582208246
-135.0
-135.0
65.85445803957833
125.53767779197453
-46.68468431789629
6.072456407207679
107.20486037516467
-51.709836807756915
137.2025981617658
49.96974072811035
-52.12501634890189
135.00000000000003
-161.565051177078
-165.68517308959514
143.53076560994816
-85.60129464500449
8.972626614896367
119.05460409907714
-102.99461679191646
-90.88140399658214
-45.000000000000036
-34.66108945705895
-30.593314843563135
30.96375653207343
140.71059313749964
77.27564431457768
-54.46232220802573
37.87498365109816
-94.1849161251184
-128.29016319224309
61.26020470831197
-29.054604099077284
173.65980825409014
-158.6293777306568
151.26020470831196
-140.44033203100554
156.8014094863519
138.94518622903757
-121.75948008481281
120.96375653207352
174.80557109226524
149.0362434679266
97.69605172201658
-49.23639479905883
-106.38954033403483
-14.588918732874632
2.4895529219991497
1.2188752351312933
177.51044707800085
174.80557109226524
151.69924423399374
129.28940686250039
41.0206175473218
-6.691264432552288
70.30137862541972
37.874983651098205
20.095231191904837
50.13637849242773
45.0
115.3461759419467
-39.70991879462873
-112.3801350519596
133.40885972880542
-176.00908690157024
-34.38034472384491
-62.10272896905246
-149.3645824496972
37.40535663140859
-129.9575489308291
-70.20112364547514
-110.77225468204585
-102.26477372789242
-65.55604521958347
144.4623222080257
-38.88449643371459
109.72227776444704
-8.44752724790847
120.96375653207352
32.195733934713225
-72.4075754378184
170.16643603579288
56.88865803962794
-45.0
176.6335393365702
-1.2730300200567062
24.86369657175187
159.90476880809518
12.380756928807143
-61.69924423399373
-81.02737338510364
51.58194465517805
65.92450174492119
115.55996517182388
68.82426058289542
-75.57922687248906
113.19859051364818
108.43494882292202
153.88608736970926
-150.03781590358227
-62.52556837372284
-77.73522627210765
156.8014094863519
-34.215702132437364
171.7771861094251
135.0
8.130102354155957
135.00000000000017
100.71312302279104
91.46880071438582
120.0685828218625
-45.0
127.4053566314086
-151.14433878028345
144.8658069430844
-148.03865658302297
-118.30075576600638
173.65980825409014
120.96375653207352
-169.50852298766839
-29.054604099077284
168.07067782276167
-39.92039213998543
-72.09555249375181
-130.69133508347514
72.75854060106009
-35.90972307917768
-33.95905981967627
-78.69006752597979
-149.03624346792648
-60.94539590092294
-31.75948008481284
154.17900802581073
-105.0183606311507
-18.43494882292201
-32.9052429229879
129.59620863975027
-87.51044707800085
